67

167

166

167

166

166

166

167

166

166

166

167

167

16766

167

167

167

167

167

167

167

167

166

167

167

167

167

166

167

166

166

166

167

166

166

166

167

167

6

167

166

166

167

166

167

167

166

167

167

167

166

166

167

166

166

167

167

166

167

166

167

167

167

167

166

166

166

167

166

166

167

167

167

166

167

167

167

166

166

167

166

167

166

167

166

166

167

166

167

166

166

166

167

167

166

166

166

167

166

161

166

166

166

166

166

16

137

10

8

8

5

4

5

4

5

4

4

3

4

3

3

4

5

5

15

156

11

13

167

166

166

166

167

167

166

167

167

166

166

166

167

166

167

9

6

6

6

4

3

4

7

8

5

4

5

3

3

4

5

7

11

166

166

166

167

166

167

167

167

167

167

166

167

166

166

166

14

167

167

169

4

4

167

167

166

167

166

166

167

144

167

167

166

167

166

168

163

166

166

168

167

166

168

166

166

167

167

167

167

167

166

167

167

167

167

167

167

167

167

167

167

166

167

167

167

167

167

125

167

167

167

166

167

167

166

15

14

11

9

9

10

7

6

4

4

5

4

4

4

5

4

4

4

4

4

4

4

4

4

3

3

2

3

3

3

3

3

3

4

3

3

3

3

2

3

3

3

4

8

4

4

4

4

4

4

4

4

4

4

4

4

3

3

3

4

2158

4

3

3

4

3

3

3

3

4

4

4

4

